0
1
2
3
5
6
7
8
9
11
12
13
14
15
17
19
20
21
22
23
24
25
26
27
28
29
31
33
34
35
36
37
38
39
40
41
43
46
47
49
51
53
54
55
56
57
58
59
60
61
62
63
64
66
67
68
69
70
71
72
73
77
81
82
84
85
86
87
88
89
91
93
94
98
99
100
103
106
107
108
112
113
116
118
120
121
122
123
124
125
126
127
129
132
133
134
135
137
138
139
140
145
146
147
148
149
151
152
153
154
155
158
159
160
162
163
164
167
170
171
172
174
175
176
178
179
180
182
183
184
185
186
188
190
191
192
194
195
196
197
200
201
202
203
205
207
208
209
210
211
212
213
216
220
221
222
224
225
226
227
228
229
230
231
232
233
236
237
238
239
240
242
243
245
248
250
251
252
253
254
255
258
259
260
261
263
264
266
267
268
269
270
271
272
273
275
276
278
279
281
283
284
285
286
287
291
293
294
296
299
301
302
303
304
306
307
308
309
310
311
312
313
314
315
316
317
318
319
320
321
322
323
327
328
332
333
334
335
336
337
338
340
341
342
343
344
345
346
347
348
350
351
352
353
354
355
357
358
360
361
362
363
364
368
369
370
371
372
373
374
375
377
378
379
380
381
384
385
386
387
388
390
391
392
393
395
396
398
399
400
401
402
403
404
405
406
409
410
411
412
413
414
415
416
417
419
420
421
424
426
427
428
429
430
431
432
434
435
436
437
438
439
440
441
442
443
444
445
447
448
449
451
452
453
454
455
456
457
459
460
461
462
463
464
465
469
470
471
472
473
474
475
477
478
479
480
481
483
484
486
488
489
490
491
492
493
495
496
497
498
499
500
501
502
503
504
505
506
507
508
509
510
511
512
515
516
518
519
520
522
523
525
527
528
532
535
536
537
539
540
541
542
543
544
545
546
547
548
549
551
554
555
556
557
559
560
561
562
564
565
566
568
569
573
574
575
576
580
583
584
585
586
587
590
592
593
595
596
597
598
599
600
602
603
604
605
607
608
609
611
612
613
616
618
619
620
622
623
624
626
629
630
631
632
634
636
637
638
640
641
645
646
647
649
651
653
654
656
657
659
660
661
662
663
664
667
668
669
671
673
674
675
676
677
678
679
680
681
682
683
685
686
687
689
690
691
692
693
694
695
698
699
700
702
704
707
708
709
710
712
713
716
718
720
722
723
724
725
729
730
731
732
733
734
735
736
743
744
745
746
747
749
750
751
752
753
754
755
757
758
759
760
761
762
763
766
767
768
769
770
773
775
779
781
783
784
785
786
787
789
790
793
797
798
799
800
803
804
805
806
813
815
817
818
820
822
825
826
827
828
829
835
837
838
839
840
841
842
843
844
845
847
848
851
852
853
855
856
857
858
860
861
862
863
865
866
867
869
870
872
873
877
878
881
882
883
884
886
887
888
889
891
892
893
896
898
900
901
902
904
905
908
910
911
912
914
916
917
920
923
924
925
929
930
931
933
935
936
937
938
939
940
941
942
943
945
946
947
948
949
950
951
954
956
957
958
959
960
962
963
964
966
967
968
970
971
973
974
975
976
977
978
980
981
982
983
984
985
986
988
989
990
992
993
996
999
1000
1002
1003
1005
1006
1007
1009
1010
1011
1013
1014
1015
1016
1017
1019
1020
1021
1023
1024
1026
1027
1029
1030
1031
1033
1036
1038
1039
1040
1041
1043
1044
1045
1046
1047
1048
1049
1050
1051
1052
1054
1055
1056
1058
1060
1061
1063
1064
1065
1066
1068
1070
1072
1073
1075
1077
1078
1079
1081
1082
1085
1087
1090
1091
1092
1093
1094
1095
1096
1097
1100
1101
1102
1105
1106
1107
1108
1109
1110
1111
1112
1113
1114
1115
1117
1118
1121
1122
1123
1124
1125
1126
1127
1130
1131
1132
1134
1135
1136
1137
1138
1142
1143
1146
1147
1149
1150
1152
1153
1154
1155
1156
1157
1158
1159
1162
1164
1165
1167
1168
1169
1171
1173
1174
1175
1176
1177
1178
1180
1181
1183
1185
1187
1188
1189
1190
1191
1192
1193
1195
1196
1197
1198
1201
1202
1203
1204
1205
1206
1207
1208
1209
1210
1211
1212
1213
1214
1215
1217
1220
1221
1222
1223
1225
1226
1228
1229
1230
1231
1232
1233
1234
1236
1237
1238
1239
1240
1241
1245
1247
1248
1249
1250
1251
1253
1254
1255
1256
1257
1259
1260
1261
1262
1263
1264
1266
1267
1271
1273
1274
1278
1279
1280
1282
1284
1286
1287
1288
1289
1290
1291
1292
1293
1295
1296
1297
1298
1299
1300
1301
1302
1306
1308
1309
1311
1313
1314
1315
1317
1318
1319
1320
1321
1322
1323
1324
1325
1326
1327
1328
1330
1332
1333
1334
1335
1336
1337
1338
1339
1340
1341
1343
1344
1345
1347
1348
1349
1350
1351
1352
1353
1354
1355
1358
1359
1364
1365
1366
1367
1369
1371
1373
1374
1377
1378
1379
1381
1384
1385
1386
1388
1390
1391
1392
1394
1396
1397
1398
1399
1400
1405
1406
1407
1408
1409
1410
1411
1412
1413
1414
1415
1417
1418
1419
1421
1422
1424
1425
1426
1427
1428
1429
1430
1431
1434
1435
1436
1437
1439
1440
1441
1442
1446
1448
1449
1450
1451
1452
1454
1455
1458
1459
1460
1461
1462
1463
1464
1465
1466
1467
1469
1472
1473
1475
1476
1477
1478
1479
1482
1483
1484
1486
1487
1489
1490
1491
1492
1493
1494
1495
1496
1497
1499
1500
1501
1502
1503
1504
1505
1507
1508
1509
1511
1512
1514
1516
1517
1518
1519
1520
1521
1522
1523
1526
1527
1528
1529
1530
1532
1534
1535
1536
1537
1539
1540
1541
1542
1543
1544
1545
1547
1549
1551
1552
1554
1555
1556
1557
1558
1559
1560
1561
1562
1563
1564
1565
1568
1572
1573
1575
1576
1578
1582
1583
1584
1585
1586
1588
1589
1590
1591
1592
1593
1598
1600
1601
1602
1605
1606
1608
1609
1610
1611
1612
1613
1614
1616
1617
1618
1620
1621
1622
1623
1624
1626
1627
1629
1630
1632
1633
1634
1635
1636
1637
1638
1639
1640
1641
1642
1643
1644
1647
1649
1650
1652
1653
1654
1655
1656
1657
1659
1660
1661
1662
1664
1666
1667
1668
1669
1671
1673
1674
1675
1680
